function [ erkMethod, erkELO, erkS, erkName ] = Coefficients_Dopri853( RK8 )
%~~~~~~~~~~~~~~~~~~~~~~~~~~~~~~~~~~~~~~~~~~~~~~~~~~~~~~~~~~~~~~~~~~~~~~~~~~
% Filename: Coefficients_Dopri853.m
%
% Original Author:
%
% File Create Date:
%
% Input Arguments:
%   Name            Type
%   RK8             Integer
%
% Output Arguments:
%   Name            Type
%   erkMethod       integer
%   rkELO           double
%   rkS             integer
%
% Modification History:
%   Date        Developer         Email             Action  
%   7/17/2012   Tony D'Augustine  adaug13@vt.edu    Translated Fortran90 Dopro853() method into MATLAB.
%
%~~~~~~~~~~~~~~~~~~~~~~~~~~~~~~~~~~~~~~~~~~~~~~~~~~~~~~~~~~~~~~~~~~~~~~~~~~
% Coefficients_Dopri853:
%   Initializes coefficients for Dopri853 Runge-Kutta method.
%      
%       Stages  Order
%       12      8
%
% Coefficients_Dopri853: INPUT ARGUMENTS
%   RK8 (integer)
%
% Coefficients_Dopri853: OUTPUT ARGUMENTS
%   erkMethod (integer):
%   rkELO (double):
%   rkS (integer):
%
% Coefficients_Dopri853: GLOBAL VARIABLES
%   rkA (double):
%   rkB (double):
%   rkC (double):
%   rkE (double):
%
%~~~~~~~~~~~~~~~~~~~~~~~~~~~~~~~~~~~~~~~~~~~~~~~~~~~~~~~~~~~~~~~~~~~~~~~~~~
    global rkA rkB rkC rkE

    erkMethod = RK8;
    erkELO = 9.0;
    erkS = 12;
    erkName = 'Dopri853';

    rkA(2,1) =    5.26001519587677318785587544488D-2;
    rkA(3,1) =    1.97250569845378994544595329183D-2;
    rkA(3,2) =    5.91751709536136983633785987549D-2;
    rkA(4,1) =    2.95875854768068491816892993775D-2;
    rkA(4,3) =    8.87627564304205475450678981324D-2;
    rkA(5,1) =    2.41365134159266685502369798665D-1;
    rkA(5,3) =   -8.84549479328286085344864962717D-1;
    rkA(5,4) =    9.24834003261792003115737966543D-1;
    rkA(6,1) =    3.7037037037037037037037037037D-2;
    rkA(6,4) =    1.70828608729473871279604482173D-1;
    rkA(6,5) =    1.25467687566822425016691814123D-1;
    rkA(7,1) =    3.7109375D-2;
    rkA(7,4) =    1.70252211019544039314978060272D-1;
    rkA(7,5) =    6.02165389804559606850219397283D-2;
    rkA(7,6) =   -1.7578125D-2;

    rkA(8,1) =    3.70920001185047927108779319836D-2;
    rkA(8,4) =    1.70383925712239993810214054705D-1;
    rkA(8,5) =    1.07262030446373284651809199168D-1;
    rkA(8,6) =   -1.53194377486244017527936158236D-2;
    rkA(8,7) =    8.27378916381402288758473766002D-3;
    rkA(9,1) =    6.24110958716075717114429577812D-1;
    rkA(9,4) =   -3.36089262944694129406857109825D0;
    rkA(9,5) =   -8.68219346841726006818189891453D-1;
    rkA(9,6) =    2.75920996994467083049415600797D1;
    rkA(9,7) =    2.01540675504778934086186788979D1;
    rkA(9,8) =   -4.34898841810699588477366255144D1;
    rkA(10,1) =   4.77662536438264365890433908527D-1;
    rkA(10,4) =  -2.48811461997166764192642586468D0;
    rkA(10,5) =  -5.90290826836842996371446475743D-1;
    rkA(10,6) =   2.12300514481811942347288949897D1;
    rkA(10,7) =   1.52792336328824235832596922938D1;
    rkA(10,8) =  -3.32882109689848629194453265587D1;
    rkA(10,9) =  -2.03312017085086261358222928593D-2;

    rkA(11,1) =  -9.3714243008598732571704021658D-1;
    rkA(11,4) =   5.18637242884406370830023853209D0;
    rkA(11,5) =   1.09143734899672957818500254654D0;
    rkA(11,6) =  -8.14978701074692612513997267357D0;
    rkA(11,7) =  -1.85200656599969598641566180701D1;
    rkA(11,8) =   2.27394870993505042818970056734D1;
    rkA(11,9) =   2.49360555267965238987089396762D0;
    rkA(11,10) = -3.0467644718982195003823669022D0;
    rkA(12,1) =   2.27331014751653820792359768449D0;
    rkA(12,4) =  -1.05344954667372501984066689879D1;
    rkA(12,5) =  -2.00087205822486249909675718444D0;
    rkA(12,6) =  -1.79589318631187989172765950534D1;
    rkA(12,7) =   2.79488845294199600508499808837D1;
    rkA(12,8) =  -2.85899827713502369474065508674D0;
    rkA(12,9) =  -8.87285693353062954433549289258D0;
    rkA(12,10) =  1.23605671757943030647266201528D1;
    rkA(12,11) =  6.43392746015763530355970484046D-1;

    rkB(1) =   5.42937341165687622380535766363D-2;
    rkB(6) =   4.45031289275240888144113950566D0;
    rkB(7) =   1.89151789931450038304281599044D0;
    rkB(8) =  -5.8012039600105847814672114227D0;
    rkB(9) =   3.1116436695781989440891606237D-1;
    rkB(10) = -1.52160949662516078556178806805D-1;
    rkB(11) =  2.01365400804030348374776537501D-1;
    rkB(12) =  4.47106157277725905176885569043D-2;

    rkC(2)  = 0.526001519587677318785587544488D-01;
    rkC(3)  = 0.789002279381515978178381316732D-01;
    rkC(4)  = 0.118350341907227396726757197510D+00;
    rkC(5)  = 0.281649658092772603273242802490D+00;
    rkC(6)  = 0.333333333333333333333333333333D+00;
    rkC(7)  = 0.25D+00;
    rkC(8)  = 0.307692307692307692307692307692D+00;
    rkC(9)  = 0.651282051282051282051282051282D+00;
    rkC(10) = 0.6D+00;
    rkC(11) = 0.857142857142857142857142857142D+00;
    rkC(12) = 1.d0;

    rkE(1)  =  0.1312004499419488073250102996D-01;
    rkE(2)  =  0.0;
    rkE(3)  =  0.0;
    rkE(4)  =  0.0;
    rkE(5)  =  0.0;
    rkE(6)  = -0.1225156446376204440720569753D+01;
    rkE(7)  = -0.4957589496572501915214079952D+00;
    rkE(8)  =  0.1664377182454986536961530415D+01;
    rkE(9)  = -0.3503288487499736816886487290D+00;
    rkE(10) =  0.3341791187130174790297318841D+00;
    rkE(11) =  0.8192320648511571246570742613D-01;
    rkE(12) = -0.2235530786388629525884427845D-01;
    
return;

