function [ output_args ] = Coefficients_ARK423( input_args )

global rkA rkB rkC rkE

rkA(1,1) = 0.0;
rkA(1,2) = 0.0;
rkA(1,3) = 0.0;
rkA(1,4) = 0.0;

rkA(2,1) = 1767732205903.0/2027836641118.0;
rkA(2,2) = 0.0;
rkA(2,3) = 0.0;
rkA(2,4) = 0.0;

rkA(3,1) = 5535828885825.0/10492691773637.0;
rkA(3,2) = 788022342437.0/10882634858940.0;
rkA(3,3) = 0.0;
rkA(3,4) = 0.0;

rkA(4,1) = 6485989280629.0/16251701735622.0;
rkA(4,2) = -4246266847089.0/9704473918619.0;
rkA(4,3) = 10755448449292.0/10357097424841.0;
rkA(4,4) = 0.0;

rkB(1) = 
rkB(2) =
rkB(3) =
rkB(4) =

rkC(1) =
rkC(2) =
rkC(3) =
rkC(4) =

end

