function [ output_args ] = Coefficients_Ode45( input_args )

A = [1/5, 3/10, 4/5, 8/9, 1, 1];
B = [
    1/5         3/40    44/45   19372/6561      9017/3168       35/384
    0           9/40    -56/15  -25360/2187     -355/33         0
    0           0       32/9    64448/6561      46732/5247      500/1113
    0           0       0       -212/729        49/176          125/192
    0           0       0       0               -5103/18656     -2187/6784
    0           0       0       0               0               11/84
    0           0       0       0               0               0
    ];
E = [71/57600; 0; -71/16695; 71/1920; -17253/339200; 22/525; -1/40];

global rkA rkB rkE

rkA = B';
rkB = A;
rkE = E;

end

